= -87.500000
-87.500000
-87.500000
42.500000
-13.500000
-19.500000
-13.500000
-61.500000
0.500000
22.500000
0.500000
16.500000
-13.500000
6.500000
-9.500000
-11.500000
-7.500000
-11.500000
-15.500000
-15.500000
-11.500000
-17.500000
-11.500000
-11.500000
-5.500000
-9.500000
-17.500000
-1.500000
0.500000
-3.500000
0.500000
-7.500000
-9.500000
-5.500000
-49.500000
20.500000
14.500000
-3.500000
8.500000
8.500000
-23.500000
-1.500000
-3.500000
-3.500000
0.500000
8.500000
-3.500000
-1.500000
-1.500000
-1.500000
-1.500000
-3.500000
12.500000
-9.500000
10.500000
4.500000
8.500000
8.500000
8.500000
6.500000
-13.500000
-7.500000
-7.500000
-9.500000
-9.500000
-9.500000
-7.500000
-1.500000
-11.500000
-9.500000
-9.500000
-39.500000
26.500000
24.500000
74.500000
30.500000
28.500000
18.500000
18.500000
26.500000
18.500000
16.500000
24.500000
4.500000
10.500000
-11.500000
12.500000
4.500000
4.500000
18.500000
16.500000
26.500000
12.500000
-13.500000
16.500000
12.500000
16.500000
8.500000
74.500000
14.500000
4.500000
8.500000
4.500000
-19.500000
-1.500000
0.500000
-1.500000
0.500000
0.500000
-23.500000
-17.500000
-21.500000
-17.500000
-17.500000
-5.500000
-13.500000
-9.500000
-15.500000
0.500000
0.500000
4.500000
-9.500000
-1.500000
-11.500000
-3.500000
-3.500000
-1.500000
-1.500000
-11.500000
0.500000
16.500000
74.500000
8.500000
12.500000
16.500000
-23.500000
12.500000
0.500000
12.500000
10.500000
-17.500000
-11.500000
-17.500000
-11.500000
-11.500000
-11.500000
-15.500000
-13.500000
-9.500000
32.500000
32.500000
-7.500000
-11.500000
-11.500000
30.500000
-9.500000
28.500000
-9.500000
-9.500000
-11.500000
-7.500000
-11.500000
-13.500000
-9.500000
-7.500000
-11.500000
-9.500000
-13.500000
-11.500000
-7.500000
8.500000
20.500000
-7.500000
-7.500000
-7.500000
-11.500000
-3.500000
-9.500000
22.500000
-19.500000
-7.500000
18.500000
-5.500000
-7.500000
-5.500000
-7.500000
-9.500000
-7.500000
-7.500000
-17.500000
-7.500000
-7.500000
-5.500000
-7.500000
26.500000
-11.500000
-3.500000
-7.500000
-11.500000
0.500000
-7.500000
0.500000
-1.500000
-1.500000
-3.500000
-7.500000
-17.500000
-9.500000
-5.500000
-9.500000
0.500000
-7.500000
-5.500000
0.500000
0.500000
-1.500000
0.500000
74.500000
-5.500000
-9.500000
-5.500000
-7.500000
-5.500000
-7.500000
-3.500000
-5.500000
-3.500000
-5.500000
-3.500000
-5.500000
-5.500000
-3.500000
-7.500000
-7.500000
-3.500000
-7.500000
-5.500000
-5.500000
-5.500000
-5.500000
-5.500000
-7.500000
-5.500000
-9.500000
-1.500000
-3.500000
-1.500000
-5.500000
-1.500000
-3.500000
-1.500000
-3.500000
-1.500000
-3.500000
-5.500000
74.500000
-7.500000
-7.500000
-7.500000
-5.500000
-5.500000
-7.500000
-7.500000
32.500000
-7.500000
-7.500000
52.500000
-5.500000
-3.500000
-1.500000
-1.500000
-7.500000
-3.500000
-3.500000
-5.500000
-7.500000
-3.500000
-15.500000
-3.500000
-1.500000
-1.500000
-3.500000
-1.500000
-1.500000
-3.500000
-1.500000
-3.500000
-3.500000
-1.500000
-9.500000
-11.500000
-13.500000
-13.500000
-13.500000
-13.500000
-13.500000
-11.500000
28.500000
-11.500000
-11.500000
-13.500000
-13.500000
-11.500000
-13.500000
-13.500000
-11.500000
-11.500000
-11.500000
-3.500000
-11.500000
-7.500000
-11.500000
-7.500000
-13.500000
2.500000
-3.500000
-3.500000
4.500000
2.500000
-3.500000
-3.500000
-5.500000
-3.500000
-5.500000
-7.500000
-13.500000
-5.500000
-3.500000
-3.500000
-3.500000
74.500000
-5.500000
-5.500000
-5.500000
-5.500000
-5.500000
-5.500000
-5.500000
-5.500000
-5.500000
-5.500000
-5.500000
-5.500000
-5.500000
-9.500000
-7.500000
-5.500000
-3.500000
-5.500000
-1.500000
24.500000
-3.500000
-3.500000
-3.500000
74.500000
74.500000
-3.500000
8.500000
-3.500000
8.500000
-3.500000
8.500000
-3.500000
8.500000
-3.500000
-3.500000
4.500000
4.500000
-1.500000
4.500000
-11.500000
6.500000
2.500000
0.500000
-9.500000
2.500000
0.500000
-9.500000
-5.500000
2.500000
-9.500000
2.500000
2.500000
-3.500000
-3.500000
-3.500000
-9.500000
-9.500000
2.500000
-3.500000
8.500000
28.500000
2.500000
40.500000
-13.500000
2.500000
2.500000
-13.500000
6.500000
2.500000
-1.500000
2.500000
4.500000
4.500000
4.500000
4.500000
4.500000
6.500000
2.500000
2.500000
6.500000
4.500000
0.500000
2.500000
2.500000
6.500000
2.500000
4.500000
0.500000
2.500000
0.500000
-1.500000
-9.500000
4.500000
-3.500000
4.500000
0.500000
4.500000
-1.500000
0.500000
-3.500000
4.500000
-1.500000
2.500000
-3.500000
0.500000
-13.500000
-3.500000
4.500000
6.500000
4.500000
0.500000
6.500000
2.500000
2.500000
4.500000
-1.500000
6.500000
4.500000
-13.500000
0.500000
0.500000
0.500000
0.500000
0.500000
0.500000
0.500000
-1.500000
-1.500000
0.500000
-7.500000
0.500000
-5.500000
0.500000
0.500000
0.500000
-1.500000
0.500000
0.500000
2.500000
-3.500000
0.500000
-1.500000
0.500000
0.500000
-1.500000
-1.500000
0.500000
-1.500000
-1.500000
0.500000
-1.500000
0.500000
-1.500000
-7.500000
-1.500000
0.500000
-5.500000
6.500000
0.500000
0.500000
0.500000
0.500000
-1.500000
-1.500000
0.500000
0.500000
0.500000
2.500000
0.500000
0.500000
4.500000
-1.500000
0.500000
0.500000
0.500000
0.500000
0.500000
0.500000
0.500000
0.500000
0.500000
0.500000
0.500000
-1.500000
0.500000
0.500000
0.500000
0.500000
0.500000
-1.500000
0.500000
0.500000
0.500000
-1.500000
-1.500000
0.500000
-3.500000
0.500000
0.500000
0.500000
0.500000
0.500000
-1.500000
-1.500000
0.500000
0.500000
2.500000
0.500000
0.500000
-1.500000
-1.500000
-1.500000
-1.500000
2.500000
2.500000
-1.500000
2.500000
0.500000
2.500000
0.500000
0.500000
-1.500000
-1.500000
2.500000
0.500000
-1.500000
0.500000
0.500000
-1.500000
4.500000
0.500000
-1.500000
0.500000
0.500000
2.500000
0.500000
4.500000
0.500000
0.500000
4.500000
-3.500000
2.500000
0.500000
0.500000
2.500000
-1.500000
2.500000
-1.500000
-3.500000
2.500000
4.500000
-1.500000
-9.500000
2.500000
2.500000
0.500000
74.500000
-13.500000
-13.500000
-1.500000
-1.500000
-1.500000
-1.500000
-1.500000
0.500000
0.500000
-1.500000
0.500000
32.500000
32.500000
-13.500000
-13.500000
-13.500000
-3.500000
-1.500000
-1.500000
-3.500000
0.500000
6.500000
-1.500000
0.500000
-1.500000
0.500000
4.500000
4.500000
-1.500000
0.500000
0.500000
-1.500000
-7.500000
0.500000
0.500000
-1.500000
0.500000
2.500000
4.500000
-1.500000
-1.500000
0.500000
0.500000
0.500000
6.500000
2.500000
0.500000
-1.500000
0.500000
-1.500000
4.500000
-1.500000
0.500000
2.500000
8.500000
-1.500000
0.500000
0.500000
-3.500000
-1.500000
-1.500000
-1.500000
-1.500000
-1.500000
-9.500000
-1.500000
-1.500000
0.500000
-3.500000
2.500000
-1.500000
8.500000
-1.500000
2.500000
-17.500000
-1.500000
-11.500000
4.500000
-7.500000
6.500000
16.500000
8.500000
0.500000
14.500000
4.500000
2.500000
-31.500000
2.500000
8.500000
6.500000
8.500000
8.500000
8.500000
4.500000
8.500000
4.500000
-7.500000
2.500000
4.500000
-29.500000
0.500000
-13.500000
0.500000
2.500000
4.500000
0.500000
6.500000
0.500000
0.500000
6.500000
2.500000
2.500000
2.500000
-7.500000
0.500000
6.500000
8.500000
4.500000
0.500000
4.500000
2.500000
0.500000
0.500000
8.500000
8.500000
0.500000
0.500000
2.500000
4.500000
6.500000
4.500000
4.500000
8.500000
6.500000
8.500000
4.500000
8.500000
8.500000
2.500000
4.500000
2.500000
2.500000
-9.500000
6.500000
8.500000
6.500000
2.500000
2.500000
8.500000
8.500000
0.500000
0.500000
6.500000
-3.500000
6.500000
-1.500000
-1.500000
-3.500000
-3.500000
2.500000
4.500000
8.500000
2.500000
2.500000
-15.500000
4.500000
4.500000
2.500000
2.500000
2.500000
-1.500000
6.500000
4.500000
-3.500000
2.500000
-1.500000
-1.500000
8.500000
8.500000
2.500000
4.500000
4.500000
4.500000
4.500000
4.500000
4.500000
2.500000
4.500000
4.500000
0.500000
4.500000
2.500000
0.500000
4.500000
0.500000
2.500000
0.500000
0.500000
2.500000
0.500000
2.500000
2.500000
4.500000
2.500000
-7.500000
0.500000
6.500000
0.500000
0.500000
0.500000
0.500000
0.500000
0.500000
0.500000
0.500000
-1.500000
0.500000
0.500000
-1.500000
-1.500000
-1.500000
0.500000
4.500000
6.500000
4.500000
2.500000
-1.500000
-1.500000
-1.500000
-1.500000
32.500000
0.500000
-3.500000
6.500000
0.500000
-3.500000
0.500000
0.500000
0.500000
0.500000
0.500000
0.500000
0.500000
0.500000
0.500000
0.500000
0.500000
-1.500000
0.500000
0.500000
0.500000
-3.500000
-27.500000
-1.500000
-1.500000
-1.500000
0.500000
4.500000
0.500000
4.500000
-1.500000
-11.500000
74.500000
10.500000
4.500000
4.500000
10.500000
4.500000
4.500000
4.500000
4.500000
12.500000
8.500000
10.500000
6.500000
6.500000
-1.500000
-1.500000
-5.500000
4.500000
2.500000
2.500000
0.500000
-5.500000
42.500000
2.500000
8.500000
8.500000
2.500000
-7.500000
2.500000
4.500000
0.500000
0.500000
0.500000
2.500000
6.500000
34.500000
4.500000
2.500000
0.500000
0.500000
0.500000
2.500000
0.500000
0.500000
0.500000
0.500000
0.500000
0.500000
-1.500000
-3.500000
-21.500000
-3.500000
-1.500000
-1.500000
-1.500000
2.500000
-1.500000
0.500000
-5.500000
-5.500000
-5.500000
-1.500000
-3.500000
-7.500000
2.500000
-3.500000
-1.500000
0.500000
2.500000
2.500000
0.500000
0.500000
0.500000
0.500000
4.500000
-1.500000
-1.500000
-1.500000
10.500000
-3.500000
2.500000
-1.500000
-1.500000
74.500000
4.500000
4.500000
4.500000
-1.500000
6.500000
-1.500000
4.500000
4.500000
-1.500000
-1.500000
-1.500000
6.500000
-1.500000
6.500000
-1.500000
32.500000
4.500000
4.500000
74.500000
74.500000
8.500000
12.500000
74.500000
2.500000
6.500000
6.500000
6.500000
6.500000
10.500000
10.500000
10.500000
10.500000
10.500000
10.500000
10.500000
10.500000
10.500000
10.500000
10.500000
12.500000
10.500000
10.500000
10.500000
10.500000
12.500000
10.500000
12.500000
10.500000
12.500000
12.500000
12.500000
12.500000
74.500000
6.500000
6.500000
6.500000
6.500000
8.500000
6.500000
8.500000
74.500000
74.500000
74.500000
0.500000
0.500000
0.500000
first moves: (3,1|7.6|0) (5,2|7.5|0) (3,3|7.5|0) (2,1|7.5|0) (3,0|7.5|0) (4,1|7.4|0) (5,1|7.3|0) (5,0|7.3|0) (1,2|7.3|0) (3,2|7.3|0) (1,4|7.2|0) (0,2|7.0|0) (5,3|6.8|0) (1,1|6.8|0) (2,4|6.8|0) (0,0|6.8|0) (2,2|6.8|0) (4,3|6.6|0) (5,4|6.6|0) (0,4|6.4|0) (6,4|6.3|0) (1,3|5.7|0) (6,5|5.7|0) (4,4|5.6|0) (6,3|5.6|0) (3,7|5.5|0) (5,6|5.4|0) (4,8|5.4|0) (7,5|5.3|0) (6,1|5.2|0) (5,5|5.0|0) (1,0|4.7|0) (7,2|4.7|0) (4,6|4.5|0) (1,7|4.4|0) (3,6|4.1|0) (4,2|3.9|0) (6,2|3.7|0) (8,1|3.7|0) (7,0|3.4|0) (6,0|3.2|0) (0,5|3.0|0) (0,3|2.9|0) (8,2|2.9|0) (1,8|2.8|0) (2,0|2.8|0) (7,4|2.7|0) (7,1|2.6|0) (8,3|2.6|0) (8,8|2.4|0) (2,6|2.4|0) (7,0|2.3|0) (8,0|2.2|0) (4,5|2.0|0) (7,3|1.8|0) (0,1|1.7|0) (6,8|1.6|0) (0,0|1.5|0) (1,0|1.4|0) (4,0|1.4|0) (3,5|1.4|0) (6,0|1.4|0) (8,4|1.3|0) (3,8|1.3|0) (2,5|1.2|0) (2,3|1.2|0) (6,1|1.1|0) (8,7|1.1|0) (0,6|1.1|0) (5,7|1.1|0) (0,6|1.1|0) (8,6|1.1|0) (0,7|1.1|0) (1,7|1.1|0) (0,5|1.1|0) (2,7|1.1|0) (6,6|1.1|0) (8,1|1.1|0) (8,5|1.1|0) (1,6|1.1|0) (7,7|1.1|0) (0,8|1.1|0) (5,8|1.0|0) (1,8|1.0|0) (6,7|1.0|0) (7,6|1.0|0) (7,1|1.0|0) (5,6|1.0|0) (6,8|1.0|0) (1,5|0.9|0) (4,7|0.9|0) (2,5|0.9|0) (8,0|0.9|0) (6,2|0.8|0) (5,7|0.8|0) (3,5|0.8|0) (7,8|0.8|0) (2,8|0.8|0) (2,6|0.8|0) (3,4|0.8|0) (4,8|0.7|0) (8,2|0.7|0) (0,1|0.7|0) (8,8|0.6|0) (7,0|0.6|0) (1,6|0.6|0) (1,1|0.6|0) (0,7|0.6|0) (8,3|0.6|0) (6,2|0.6|0) (1,5|0.6|0) (0,8|0.6|0) (8,7|0.6|0) (7,3|0.5|0) (6,8|0.5|0) (2,7|0.5|0) (1,3|0.5|0) (8,0|0.5|0) (7,4|0.5|0) (8,6|0.5|0) (6,6|0.5|0) (7,6|0.5|0) (7,5|0.5|0) (8,7|0.5|0) (3,6|0.5|0) (2,0|0.5|0) (8,4|0.5|0) (6,0|0.5|0) (8,2|0.4|0) (3,8|0.4|0) (4,8|0.4|0) (8,0|0.4|0) (8,1|0.4|0) (8,5|0.4|0) (1,7|0.4|0) (6,7|0.4|0) (7,7|0.4|0) (7,8|0.4|0) (8,5|0.4|0) (7,7|0.4|0) (4,8|0.4|0) (0,6|0.4|0) (2,6|0.4|0) (7,1|0.4|0) (8,4|0.4|0) (0,4|0.4|0) (8,3|0.3|0) (2,8|0.3|0) (7,3|0.3|0) (8,7|0.3|0) (7,7|0.3|0) (1,6|0.3|0) (1,6|0.3|0) (2,5|0.3|0) (0,3|0.3|0) (7,4|0.3|0) (1,8|0.3|0) (0,8|0.3|0) (8,5|0.3|0) (4,5|0.3|0) (8,2|0.3|0) (6,6|0.3|0) (6,7|0.3|0) (8,8|0.3|0) (7,6|0.3|0) (8,7|0.3|0) (8,6|0.3|0) (5,8|0.3|0) (8,8|0.3|0) (6,5|0.3|0) (7,6|0.3|0) (0,6|0.3|0) (0,7|0.3|0) (8,1|0.3|0) (1,5|0.3|0) (6,8|0.3|0) (8,3|0.3|0) (8,2|0.3|0) (2,7|0.3|0) (6,4|0.3|0) (0,5|0.3|0) (4,0|0.3|0) (8,8|0.3|0) (2,3|0.3|0) (3,7|0.3|0) (1,7|0.3|0) (2,1|0.3|0) (2,6|0.3|0) (2,8|0.2|0) (3,5|0.2|0) (6,0|0.2|0) (3,6|0.2|0) (8,0|0.2|0) (2,7|0.2|0) (2,4|0.2|0) (5,1|0.2|0) (1,8|0.2|0) (3,8|0.2|0) (8,7|0.2|0) (6,7|0.2|0) (7,8|0.2|0) (8,2|0.2|0) (8,1|0.2|0) (8,7|0.2|0) (8,0|0.2|0) (4,1|0.2|0) (7,0|0.2|0) (7,1|0.2|0) (8,6|0.2|0) (3,8|0.2|0) (6,3|0.2|0) (8,4|0.2|0) (1,8|0.2|0) (6,0|0.2|0) (0,7|0.2|0) (5,8|0.2|0) (0,7|0.2|0) (3,8|0.2|0) (5,5|0.2|0) (5,4|0.2|0) (5,0|0.2|0) (6,6|0.2|0) (8,0|0.2|0) (8,4|0.2|0) (4,0|0.2|0) (0,8|0.2|0) (7,2|0.2|0) (8,6|0.2|0) (8,1|0.2|0) (7,0|0.2|0) (2,8|0.2|0) (4,7|0.2|0) (4,6|0.2|0) (8,1|0.2|0) (7,3|0.2|0) (5,7|0.2|0) (4,2|0.2|0) (3,5|0.2|0) (0,4|0.2|0) (3,4|0.2|0) (7,5|0.2|0) (5,7|0.2|0) (4,8|0.2|0) (6,4|0.2|0) (3,5|0.2|0) (7,4|0.2|0) (5,1|0.1|0) (1,7|0.1|0) (4,4|0.1|0) (7,3|0.1|0) (3,5|0.1|0) (4,7|0.1|0) (8,8|0.1|0) (8,4|0.1|0) (5,8|0.1|0) (5,2|0.1|0) (5,6|0.1|0) (1,5|0.1|0) (7,1|0.1|0) (7,2|0.1|0) (0,5|0.1|0) (7,0|0.1|0) (3,6|0.1|0) (2,6|0.1|0) (0,4|0.1|0) (7,0|0.1|0) (1,0|0.1|0) (0,1|0.1|0) (0,0|0.1|0) (5,6|0.1|0) (6,4|0.1|0) (0,7|0.1|0) (6,0|0.1|0) (8,3|0.1|0) (5,5|0.1|0) (6,6|0.1|0) (6,4|0.1|0) (3,0|0.1|0) (8,3|0.1|0) (8,0|0.1|0) (1,3|0.1|0) (3,0|0.1|0) (0,5|0.1|0) (5,2|0.1|0) (0,5|0.1|0) (5,0|0.1|0) (3,6|0.1|0) (1,3|0.1|0) (5,2|0.1|0) (5,1|0.1|0) (0,5|0.1|0) (5,1|0.1|0) (5,5|0.1|0) (3,1|0.1|0) (5,0|0.1|0) (3,6|0.1|0) (1,3|0.1|0) (0,2|0.1|0) (7,5|0.1|0) (4,3|0.1|0) (7,0|0.1|0) (7,6|0.1|0) (8,6|0.1|0) (6,7|0.1|0) (6,5|0.1|0) (1,6|0.1|0) (4,5|0.1|0) (7,8|0.1|0) (8,8|0.1|0) (7,8|0.1|0) (2,8|0.1|0) (2,4|0.1|0) (0,6|0.1|0) (7,8|0.1|0) (3,8|0.1|0) (0,7|0.1|0) (8,3|0.1|0) (1,6|0.1|0) (4,7|0.1|0) (6,8|0.1|0) (0,5|0.1|0) (8,4|0.1|0) (7,7|0.1|0) (7,6|0.1|0) (6,7|0.1|0) (8,6|0.1|0) (7,8|0.1|0) (7,7|0.1|0) (1,5|0.1|0) (3,4|0.1|0) (1,8|0.1|0) (8,5|0.1|0) (0,5|0.1|0) (2,0|0.1|0) (0,1|0.1|0) (0,5|0.1|0) (5,1|0.1|0) (4,1|0.1|0) (2,0|0.1|0) (5,2|0.1|0) (3,1|0.1|0) (2,1|0.1|0) (6,2|0.1|0) (2,6|0.1|0) (5,1|0.0|0) (4,1|0.0|0) (5,2|0.0|0) (4,1|0.0|0) (8,1|0.0|0) (1,6|0.0|0) (6,3|0.0|0) (8,0|0.0|0) (2,2|0.0|0) (7,2|0.0|0) (1,7|0.0|0) (3,6|0.0|0) (5,3|0.0|0) (3,7|0.0|0) (7,0|0.0|0) (8,7|0.0|0) (7,2|0.0|0) (1,0|0.0|0) (5,6|0.0|0) (6,1|0.0|0) (3,7|0.0|0) (8,0|0.0|0) (8,1|0.0|0) (2,3|0.0|0) (0,7|0.0|0) (8,2|0.0|0) (8,3|0.0|0) (4,4|0.0|0) (0,3|0.0|0) (2,6|0.0|0) (5,4|0.0|0) (7,1|0.0|0) (1,1|0.0|0) (1,0|0.0|0) (1,2|0.0|0) (8,8|0.0|0) (6,2|0.0|0) (7,2|0.0|0) (8,2|0.0|0) (1,3|0.0|0) (1,7|0.0|0) (6,0|0.0|0) (7,3|0.0|0) (1,4|0.0|0) (4,4|0.0|0) (5,4|0.0|0) (0,3|0.0|0) (5,6|0.0|0) (2,3|0.0|0) (5,5|0.0|0) (4,2|0.0|0)
second moves: (1,0|-0.0|0) (2,0|-0.0|0) (6,8|-0.1|0) (3,8|-0.1|0) (4,7|-0.1|0) (8,4|-0.1|0) (6,8|-0.1|0) (8,4|-0.1|0) (6,8|-0.1|0) (3,8|-0.1|0) (4,7|-0.1|0) (4,7|-0.1|0) (3,8|-0.1|0) (8,4|-0.1|0) (2,5|-0.1|0) (7,8|-0.1|0) (2,8|-0.1|0) (7,4|-0.1|0) (4,8|-0.1|0) (8,5|-0.1|0) (2,5|-0.1|0) (7,8|-0.1|0) (2,8|-0.1|0) (7,4|-0.1|0) (4,8|-0.1|0) (8,5|-0.1|0) (7,0|-0.1|0) (7,0|-0.1|0) (7,0|-0.1|0) (7,0|-0.1|0) (7,0|-0.1|0) (2,0|-0.1|0) (7,0|-0.1|0) (7,0|-0.1|0) (7,0|-0.1|0) (7,0|-0.1|0) (7,0|-0.1|0) (7,0|-0.1|0) (7,0|-0.1|0) (7,0|-0.1|0) (7,0|-0.1|0) (7,0|-0.1|0) (7,0|-0.1|0) (7,0|-0.1|0) (7,0|-0.1|0) (7,0|-0.1|0) (1,0|-0.1|0) (7,0|-0.1|0) (5,8|-0.1|0) (1,5|-0.1|0) (0,1|-0.1|0) (7,6|-0.1|0) (3,4|-0.1|0) (7,5|-0.1|0) (2,6|-0.1|0) (1,0|-0.1|0) (7,0|-0.1|0) (1,8|-0.1|0) (7,0|-0.1|0) (7,0|-0.1|0) (7,0|-0.1|0) (7,0|-0.1|0) (8,4|-0.1|0) (3,8|-0.1|0) (3,8|-0.1|0) (8,5|-0.1|0) (7,5|-0.1|0) (8,4|-0.1|0) (7,5|-0.1|0) (1,8|-0.1|0) (8,5|-0.1|0) (7,5|-0.1|0) (3,8|-0.1|0) (8,5|-0.1|0) (1,8|-0.1|0) (7,4|-0.1|0) (5,8|-0.1|0) (6,8|-0.1|0) (8,5|-0.1|0) (3,8|-0.1|0) (8,4|-0.1|0) (1,8|-0.1|0) (6,8|-0.1|0) (5,8|-0.1|0) (7,5|-0.1|0) (7,0|-0.2|0) (8,5|-0.2|0) (1,8|-0.2|0) (8,5|-0.2|0) (8,5|-0.2|0) (6,0|-0.2|0) (6,0|-0.2|0) (6,0|-0.2|0) (8,5|-0.2|0) (6,0|-0.2|0) (6,0|-0.2|0) (6,0|-0.2|0) (6,0|-0.2|0) (6,0|-0.2|0) (1,7|-0.2|0) (7,7|-0.2|0) (7,0|-0.2|0) (6,0|-0.2|0) (6,0|-0.2|0) (6,0|-0.2|0) (7,7|-0.2|0) (1,7|-0.2|0) (7,7|-0.2|0) (1,7|-0.2|0) (8,5|-0.2|0) (8,5|-0.2|0) (6,0|-0.2|0) (1,0|-0.2|0) (6,0|-0.2|0) (2,0|-0.2|0) (7,0|-0.2|0) (7,0|-0.2|0) (7,0|-0.2|0) (7,0|-0.2|0) (8,8|-0.2|0) (8,8|-0.2|0) (3,1|-0.2|0) (7,7|-0.2|0) (2,0|-0.2|0) (7,7|-0.2|0) (7,0|-0.2|0) (2,1|-0.2|0) (7,7|-0.2|0) (7,0|-0.2|0) (7,0|-0.2|0) (7,7|-0.2|0) (6,0|-0.2|0) (6,0|-0.2|0) (6,0|-0.2|0) (6,0|-0.2|0) (6,0|-0.2|0) (2,4|-0.2|0) (7,7|-0.2|0) (4,1|-0.2|0) (0,8|-0.2|0) (6,7|-0.2|0) (3,0|-0.2|0) (0,1|-0.2|0) (8,5|-0.2|0) (6,0|-0.2|0) (5,1|-0.2|0) (5,1|-0.2|0) (5,1|-0.2|0) (6,0|-0.2|0) (6,0|-0.2|0) (0,8|-0.2|0) (6,7|-0.2|0) (5,8|-0.2|0) (8,8|-0.2|0) (6,8|-0.2|0) (3,1|-0.2|0) (2,8|-0.2|0) (7,4|-0.2|0) (1,0|-0.2|0) (8,5|-0.2|0) (5,0|-0.2|0) (5,1|-0.2|0) (5,0|-0.2|0) (5,0|-0.2|0) (0,1|-0.2|0) (1,0|-0.2|0) (2,0|-0.2|0) (7,5|-0.2|0) (7,5|-0.2|0) (3,0|-0.2|0) (2,0|-0.2|0) (7,5|-0.2|0) (7,4|-0.2|0) (7,4|-0.2|0) (2,0|-0.2|0) (1,0|-0.2|0) (4,1|-0.2|0) (7,7|-0.2|0) (7,7|-0.2|0) (5,2|-0.3|0) (7,8|-0.3|0) (8,6|-0.3|0) (8,6|-0.3|0) (8,8|-0.3|0) (1,1|-0.3|0) (6,8|-0.3|0) (0,8|-0.3|0) (0,8|-0.3|0) (0,8|-0.3|0) (0,8|-0.3|0) (0,8|-0.3|0) (0,8|-0.3|0) (0,8|-0.3|0) (0,8|-0.3|0) (0,8|-0.3|0) (0,8|-0.3|0) (0,8|-0.3|0) (4,8|-0.3|0) (0,8|-0.3|0) (0,8|-0.3|0) (0,8|-0.3|0) (0,8|-0.3|0) (0,8|-0.3|0) (0,8|-0.3|0) (4,8|-0.3|0) (4,8|-0.3|0) (0,8|-0.3|0) (0,8|-0.3|0) (4,8|-0.3|0) (8,4|-0.3|0) (6,7|-0.3|0) (6,1|-0.3|0) (0,6|-0.3|0) (0,6|-0.3|0) (0,6|-0.3|0) (1,0|-0.3|0) (6,1|-0.3|0) (7,1|-0.3|0) (6,1|-0.3|0) (7,1|-0.3|0) (7,1|-0.3|0) (0,8|-0.3|0) (0,6|-0.3|0) (7,1|-0.3|0) (6,1|-0.3|0) (7,1|-0.3|0) (0,6|-0.3|0) (8,4|-0.3|0) (6,1|-0.3|0) (0,8|-0.3|0) (7,4|-0.3|0) (1,1|-0.3|0) (0,8|-0.3|0) (7,1|-0.3|0) (2,4|-0.3|0) (0,6|-0.3|0) (6,1|-0.3|0) (7,1|-0.3|0) (1,1|-0.3|0) (6,7|-0.3|0) (7,1|-0.3|0) (7,1|-0.3|0) (7,1|-0.3|0) (7,5|-0.3|0) (7,1|-0.3|0) (6,7|-0.3|0) (8,4|-0.3|0) (0,5|-0.3|0) (8,8|-0.3|0) (0,5|-0.3|0) (6,8|-0.3|0) (1,1|-0.3|0) (0,5|-0.3|0) (0,8|-0.3|0) (4,8|-0.3|0) (3,8|-0.3|0) (0,5|-0.3|0) (7,6|-0.3|0) (1,5|-0.3|0) (0,5|-0.3|0) (0,8|-0.3|0) (0,5|-0.3|0) (7,4|-0.3|0) (3,8|-0.3|0) (7,8|-0.3|0) (7,5|-0.3|0) (0,8|-0.3|0) (1,7|-0.3|0) (1,0|-0.3|0) (8,0|-0.3|0) (6,6|-0.3|0) (8,0|-0.3|0) (7,4|-0.3|0) (1,0|-0.3|0) (8,0|-0.3|0) (7,8|-0.3|0) (6,6|-0.3|0) (8,8|-0.3|0) (2,5|-0.3|0) (0,8|-0.3|0) (6,8|-0.3|0) (3,8|-0.3|0) (2,5|-0.3|0) (2,5|-0.3|0) (3,5|-0.3|0) (6,0|-0.3|0) (3,5|-0.3|0) (6,0|-0.3|0) (7,1|-0.3|0) (0,8|-0.3|0) (6,1|-0.3|0) (0,8|-0.3|0) (7,1|-0.3|0) (2,5|-0.3|0) (7,1|-0.3|0) (7,1|-0.3|0) (8,0|-0.3|0) (3,8|-0.3|0) (6,0|-0.3|0) (8,0|-0.3|0) (3,5|-0.3|0) (7,0|-0.3|0) (7,1|-0.3|0) (3,5|-0.3|0) (6,1|-0.3|0) (6,1|-0.3|0) (7,1|-0.3|0) (7,1|-0.3|0) (8,0|-0.3|0) (7,1|-0.3|0) (7,1|-0.3|0) (0,2|-0.3|0) (7,1|-0.3|0) (7,1|-0.3|0) (8,0|-0.3|0) (7,0|-0.3|0) (7,1|-0.3|0) (3,4|-0.4|0) (6,7|-0.4|0) (8,4|-0.4|0) (6,5|-0.4|0) (2,7|-0.4|0) (7,1|-0.4|0) (4,3|-0.4|0) (4,3|-0.4|0) (6,0|-0.4|0) (2,7|-0.4|0) (4,3|-0.4|0) (3,8|-0.4|0) (4,2|-0.4|0) (4,2|-0.4|0) (0,2|-0.4|0) (7,0|-0.4|0) (8,0|-0.4|0) (8,0|-0.4|0) (8,0|-0.4|0) (8,0|-0.4|0) (3,4|-0.4|0) (2,0|-0.4|0) (4,2|-0.4|0) (8,0|-0.4|0) (1,0|-0.4|0) (2,2|-0.4|0) (8,0|-0.4|0) (7,5|-0.4|0) (1,0|-0.4|0) (1,0|-0.4|0) (7,8|-0.4|0) (8,0|-0.4|0) (7,8|-0.4|0) (8,7|-0.4|0) (1,0|-0.4|0) (8,0|-0.4|0) (8,0|-0.4|0) (5,4|-0.4|0) (2,7|-0.4|0) (2,7|-0.4|0) (2,7|-0.4|0) (8,0|-0.4|0) (5,4|-0.4|0) (2,7|-0.4|0) (0,7|-0.4|0) (2,7|-0.4|0) (2,7|-0.4|0) (2,7|-0.4|0) (2,7|-0.4|0) (2,7|-0.4|0) (2,7|-0.4|0) (5,3|-0.4|0) (2,7|-0.4|0) (8,0|-0.4|0) (8,0|-0.4|0) (3,2|-0.4|0) (2,2|-0.4|0) (3,5|-0.4|0) (0,0|-0.4|0) (3,5|-0.4|0) (3,5|-0.4|0) (3,5|-0.4|0) (7,5|-0.4|0) (1,0|-0.4|0) (2,7|-0.4|0) (2,5|-0.4|0) (3,5|-0.4|0) (3,5|-0.4|0) (4,0|-0.4|0) (2,5|-0.4|0) (2,5|-0.4|0) (6,0|-0.4|0) (2,0|-0.4|0) (7,1|-0.4|0) (2,5|-0.4|0) (3,5|-0.4|0) (4,0|-0.4|0) (3,5|-0.4|0) (2,5|-0.4|0) (3,4|-0.4|0) (2,0|-0.4|0) (3,5|-0.4|0) (2,5|-0.4|0) (2,5|-0.4|0) (2,5|-0.4|0) (6,5|-0.4|0) (0,0|-0.4|0) (2,5|-0.4|0) (8,6|-0.4|0) (2,5|-0.4|0) (2,5|-0.4|0) (7,1|-0.4|0) (2,0|-0.4|0) (2,7|-0.4|0) (6,8|-0.4|0) (7,6|-0.4|0) (3,5|-0.4|0) (5,3|-0.4|0) (2,7|-0.4|0) (6,5|-0.4|0) (3,5|-0.4|0) (2,5|-0.4|0) (1,2|-0.4|0) (1,6|-0.4|0) (5,4|-0.4|0) (2,5|-0.4|0) (0,3|-0.4|0) (3,4|-0.4|0) (0,3|-0.4|0) (6,4|-0.4|0) (3,5|-0.4|0) (1,6|-0.4|0) (6,4|-0.4|0) (1,3|-0.4|0) (0,3|-0.4|0) (1,3|-0.4|0) (0,3|-0.4|0) (2,7|-0.4|0) (4,4|-0.4|0) (0,1|-0.4|0) (4,4|-0.4|0) (4,4|-0.4|0) (1,3|-0.4|0) (0,3|-0.4|0) (1,3|-0.4|0) (0,3|-0.4|0) (3,4|-0.4|0) (2,2|-0.4|0) (6,8|-0.4|0) (6,8|-0.4|0) (6,8|-0.4|0) (6,8|-0.4|0) (6,8|-0.4|0) (4,4|-0.4|0) (6,8|-0.4|0) (6,3|-0.4|0) (6,8|-0.4|0) (6,8|-0.4|0) (6,8|-0.4|0) (1,3|-0.4|0) (8,6|-0.4|0) (0,1|-0.4|0) (6,0|-0.4|0) (6,8|-0.4|0) (2,7|-0.4|0) (5,6|-0.4|0) (3,5|-0.4|0) (1,7|-0.4|0) (6,3|-0.4|0) (5,6|-0.4|0) (5,6|-0.4|0) (4,4|-0.4|0) (5,6|-0.4|0) (5,6|-0.4|0) (4,8|-0.4|0) (5,6|-0.4|0) (7,7|-0.4|0) (8,7|-0.4|0) (7,6|-0.4|0) (7,7|-0.4|0) (2,5|-0.4|0) (7,7|-0.4|0) (7,7|-0.4|0) (7,7|-0.4|0) (7,7|-0.4|0) (6,1|-0.4|0) (0,1|-0.4|0) (7,7|-0.4|0) (6,4|-0.4|0) (2,3|-0.4|0) (2,3|-0.4|0) (2,3|-0.4|0) (3,4|-0.4|0) (3,4|-0.4|0) (2,3|-0.4|0) (3,4|-0.4|0) (3,4|-0.4|0) (2,3|-0.4|0) (3,4|-0.4|0) (0,5|-0.4|0) (0,5|-0.4|0) (1,7|-0.4|0) (3,4|-0.4|0) (0,5|-0.4|0) (7,7|-0.4|0) (1,6|-0.4|0) (3,4|-0.4|0) (5,5|-0.4|0) (0,6|-0.4|0) (1,6|-0.4|0) (2,3|-0.4|0) (0,6|-0.4|0) (1,6|-0.4|0) (5,5|-0.4|0) (0,5|-0.4|0) (5,5|-0.4|0) (3,4|-0.4|0) (3,4|-0.4|0) (1,7|-0.4|0) (6,6|-0.4|0) (0,6|-0.4|0) (5,5|-0.4|0) (0,5|-0.4|0) (1,6|-0.4|0) (1,6|-0.4|0) (1,6|-0.4|0) (5,5|-0.4|0) (0,6|-0.4|0) (7,7|-0.4|0) (0,6|-0.4|0) (6,3|-0.4|0) (0,6|-0.4|0) (0,6|-0.4|0) (6,3|-0.4|0) (0,6|-0.4|0) (5,5|-0.4|0) (4,2|-0.4|0) (0,6|-0.4|0) (0,6|-0.4|0) (3,5|-0.4|0) (2,7|-0.4|0) (3,4|-0.4|0) (7,8|-0.4|0) (1,6|-0.4|0) (1,6|-0.4|0) (7,7|-0.4|0) (2,0|-0.4|0) (8,8|-0.4|0) (8,8|-0.4|0) (8,8|-0.4|0) (0,5|-0.4|0) (2,5|-0.4|0) (7,6|-0.4|0) (7,6|-0.5|0) (7,6|-0.5|0) (7,4|-0.5|0) (8,8|-0.5|0) (6,8|-0.5|0) (5,5|-0.5|0) (2,7|-0.5|0) (2,7|-0.5|0) (7,6|-0.5|0) (7,7|-0.5|0) (7,6|-0.5|0) (1,6|-0.5|0) (7,4|-0.5|0) (1,6|-0.5|0) (7,2|-0.5|0) (7,2|-0.5|0) (3,8|-0.5|0) (3,8|-0.5|0) (3,6|-0.5|0) (2,6|-0.5|0) (3,6|-0.5|0) (3,6|-0.5|0) (3,8|-0.5|0) (3,6|-0.5|0) (3,8|-0.5|0) (7,4|-0.5|0) (7,6|-0.5|0) (1,5|-0.5|0) (1,5|-0.5|0) (3,8|-0.5|0) (1,5|-0.5|0) (3,4|-0.5|0) (1,5|-0.5|0) (2,6|-0.5|0) (1,5|-0.5|0) (1,5|-0.5|0) (1,6|-0.5|0) (3,8|-0.5|0) (3,8|-0.5|0) (3,4|-0.5|0) (6,5|-0.5|0) (6,2|-0.5|0) (6,2|-0.5|0) (7,2|-0.5|0) (7,2|-0.5|0) (6,2|-0.5|0) (7,2|-0.5|0) (6,2|-0.5|0) (3,6|-0.5|0) (6,2|-0.5|0) (3,6|-0.5|0) (6,8|-0.5|0) (3,6|-0.5|0) (6,6|-0.5|0) (1,5|-0.5|0) (6,6|-0.5|0) (6,6|-0.5|0) (1,5|-0.5|0) (6,2|-0.5|0) (1,7|-0.5|0) (3,8|-0.5|0) (6,2|-0.5|0) (6,2|-0.5|0) (7,7|-0.5|0) (1,5|-0.5|0) (0,6|-0.5|0) (6,6|-0.5|0) (7,6|-0.5|0) (6,4|-0.5|0) (0,6|-0.5|0) (1,6|-0.5|0) (7,6|-0.5|0) (8,7|-0.5|0) (8,7|-0.5|0) (8,7|-0.5|0) (8,8|-0.5|0) (8,7|-0.5|0) (3,5|-0.5|0) (6,6|-0.5|0) (3,6|-0.5|0) (8,1|-0.5|0) (8,1|-0.5|0) (7,4|-0.5|0) (0,5|-0.5|0) (8,7|-0.5|0) (1,5|-0.5|0) (7,2|-0.5|0) (8,1|-0.5|0) (8,7|-0.5|0) (6,6|-0.5|0) (8,1|-0.5|0) (0,5|-0.5|0) (4,7|-0.5|0) (4,7|-0.5|0) (1,5|-0.5|0) (4,7|-0.5|0) (0,4|-0.5|0) (0,4|-0.5|0) (0,4|-0.5|0) (6,3|-0.5|0) (4,7|-0.5|0) (4,5|-0.5|0) (4,5|-0.5|0) (4,5|-0.5|0) (4,5|-0.5|0) (4,7|-0.5|0) (4,4|-0.5|0) (3,8|-0.5|0) (7,4|-0.5|0) (3,6|-0.5|0) (4,5|-0.5|0) (3,8|-0.5|0) (6,2|-0.5|0) (6,2|-0.5|0) (6,2|-0.5|0) (6,2|-0.5|0) (4,5|-0.5|0) (6,3|-0.5|0) (0,1|-0.5|0) (2,6|-0.5|0) (2,3|-0.5|0) (3,4|-0.5|0) (2,6|-0.5|0) (0,4|-0.5|0) (8,2|-0.5|0) (4,5|-0.5|0) (0,6|-0.5|0) (1,7|-0.5|0) (7,4|-0.5|0) (0,1|-0.5|0) (6,2|-0.5|0) (6,6|-0.5|0) (1,8|-0.5|0) (1,8|-0.5|0) (6,6|-0.5|0) (8,7|-0.5|0) (6,6|-0.5|0) (0,1|-0.5|0) (0,7|-0.5|0) (0,5|-0.5|0) (1,8|-0.5|0) (1,8|-0.5|0) (8,7|-0.5|0) (0,7|-0.5|0) (5,7|-0.5|0) (0,7|-0.5|0) (0,7|-0.5|0) (5,7|-0.5|0) (1,8|-0.5|0) (8,2|-0.5|0) (1,8|-0.5|0) (1,5|-0.5|0) (4,5|-0.5|0) (5,7|-0.5|0) (1,8|-0.5|0) (8,7|-0.5|0) (7,2|-0.5|0) (2,6|-0.5|0) (1,6|-0.5|0) (0,7|-0.5|0) (8,7|-0.5|0) (5,7|-0.5|0) (5,7|-0.5|0) (7,8|-0.5|0) (0,7|-0.5|0) (7,8|-0.5|0) (7,8|-0.5|0) (2,3|-0.5|0) (5,7|-0.5|0) (7,8|-0.5|0) (5,7|-0.5|0) (4,5|-0.5|0) (4,7|-0.5|0) (4,7|-0.5|0) (5,7|-0.5|0) (3,4|-0.5|0) (7,8|-0.5|0) (1,6|-0.5|0) (7,6|-0.5|0) (8,7|-0.5|0) (4,7|-0.5|0) (4,7|-0.5|0) (8,5|-0.5|0) (7,4|-0.5|0) (8,6|-0.5|0) (8,5|-0.5|0) (8,6|-0.5|0) (7,1|-0.5|0) (0,7|-0.5|0) (8,5|-0.5|0) (8,5|-0.5|0) (8,6|-0.5|0) (8,4|-0.5|0) (8,6|-0.5|0) (4,7|-0.5|0) (8,6|-0.5|0) (8,6|-0.5|0) (8,4|-0.5|0) (8,5|-0.5|0) (8,4|-0.5|0) (8,6|-0.5|0) (1,5|-0.5|0) (8,6|-0.5|0) (8,4|-0.5|0) (8,5|-0.5|0) (8,6|-0.5|0) (8,4|-0.5|0) (8,1|-0.5|0) (8,8|-0.5|0) (8,4|-0.5|0) (0,7|-0.5|0) (8,2|-0.5|0) (8,5|-0.5|0) (8,6|-0.5|0) (0,0|-0.5|0) (8,8|-0.5|0) (8,2|-0.5|0) (8,5|-0.5|0) (8,3|-0.5|0) (8,3|-0.5|0) (8,3|-0.5|0) (2,6|-0.5|0) (7,6|-0.5|0) (7,4|-0.5|0) (7,4|-0.5|0) (8,3|-0.5|0) (8,5|-0.5|0) (8,6|-0.5|0) (8,1|-0.5|0) (8,3|-0.5|0) (6,6|-0.5|0) (2,6|-0.5|0) (8,5|-0.5|0) (2,6|-0.5|0) (1,5|-0.5|0) (2,6|-0.5|0) (2,6|-0.5|0) (7,3|-0.5|0) (0,7|-0.5|0) (7,8|-0.5|0) (8,4|-0.5|0) (7,3|-0.5|0) (7,3|-0.5|0) (7,3|-0.5|0) (5,7|-0.5|0) (6,6|-0.5|0) (6,6|-0.5|0) (8,2|-0.5|0) (7,3|-0.5|0) (8,4|-0.5|0) (8,3|-0.5|0) (8,4|-0.5|0) (8,3|-0.5|0) (7,3|-0.5|0) (8,6|-0.5|0) (7,3|-0.5|0) (6,6|-0.5|0) (4,7|-0.5|0) (7,3|-0.5|0) (8,2|-0.5|0) (8,5|-0.5|0) (8,3|-0.5|0) (8,2|-0.5|0) (8,1|-0.5|0) (8,7|-0.5|0) (8,1|-0.5|0) (4,7|-0.5|0) (4,7|-0.6|0) (8,1|-0.6|0) (4,7|-0.6|0) (7,3|-0.6|0) (4,5|-0.6|0) (8,1|-0.6|0) (4,7|-0.6|0) (4,7|-0.6|0) (0,7|-0.6|0) (7,6|-0.6|0) (4,5|-0.6|0) (6,7|-0.6|0) (6,7|-0.6|0) (8,2|-0.6|0) (0,7|-0.6|0) (0,7|-0.6|0) (0,1|-0.6|0) (8,7|-0.6|0) (6,6|-0.6|0) (0,7|-0.6|0) (5,7|-0.6|0) (5,7|-0.6|0) (5,7|-0.6|0) (8,2|-0.6|0) (7,4|-0.6|0) (6,7|-0.6|0) (5,7|-0.6|0) (5,7|-0.6|0) (6,7|-0.6|0) (2,8|-0.6|0) (2,8|-0.6|0) (2,8|-0.6|0) (2,8|-0.6|0) (2,8|-0.6|0) (2,8|-0.6|0) (8,1|-0.6|0) (2,8|-0.6|0) (8,0|-0.6|0) (8,3|-0.6|0) (7,3|-0.6|0) (3,7|-0.6|0) (3,7|-0.6|0) (3,7|-0.6|0) (7,2|-0.6|0) (3,7|-0.6|0) (3,7|-0.6|0) (2,8|-0.6|0) (6,0|-0.6|0) (8,2|-0.6|0) (5,8|-0.6|0) (6,0|-0.6|0) (7,3|-0.6|0) (5,8|-0.6|0) (8,1|-0.6|0) (7,3|-0.6|0) (6,7|-0.6|0) (2,8|-0.6|0) (2,8|-0.6|0) (2,8|-0.6|0) (8,2|-0.6|0) (6,7|-0.6|0) (7,7|-0.6|0) (7,8|-0.6|0) (5,8|-0.7|0) (5,8|-0.7|0) (3,4|-0.7|0) (8,3|-0.7|0) (8,8|-0.7|0) (8,4|-0.7|0) (8,4|-0.7|0) (7,3|-0.7|0) (6,7|-0.7|0) (8,3|-0.7|0) (8,0|-0.7|0) (7,0|-0.7|0) (5,8|-0.7|0) (2,8|-0.7|0) (4,6|-0.7|0) (4,6|-0.7|0) (8,0|-0.7|0) (4,6|-0.7|0) (5,8|-0.7|0) (4,6|-0.7|0) (4,6|-0.7|0) (3,8|-0.7|0) (6,7|-0.7|0) (1,5|-0.7|0) (8,4|-0.7|0) (5,8|-0.7|0) (1,4|-0.7|0) (6,5|-0.7|0) (5,8|-0.8|0) (7,2|-0.8|0) (5,8|-0.8|0) (8,3|-0.8|0) (4,8|-0.8|0) (4,8|-0.8|0) (4,8|-0.8|0) (5,8|-0.8|0) (6,7|-0.8|0) (1,5|-0.8|0) (8,4|-0.8|0) (8,5|-0.8|0) (1,8|-0.8|0) (4,5|-0.8|0) (4,8|-0.8|0) (8,5|-0.9|0) (2,8|-0.9|0) (4,5|-0.9|0) (2,4|-0.9|0) (1,8|-0.9|0) (1,6|-0.9|0) (8,6|-1.0|0) (7,8|-1.0|0) (7,8|-1.0|0) (1,7|-1.0|0) (7,8|-1.0|0) (7,7|-1.2|0) (7,5|-1.2|0) (7,6|-1.4|0)


 O O O O O O O O O
 . O O X O O O O .
 O . O X X X O O O
 O O O O X X X O O
 X X X O X X X O O
 . X . X X X X X X
 X X X X . X X X X
 . X X X X X X . X
 X X . X . X . X X
D2

= 

